-1.400039084458110892e+03
-1.791186187570291850e+03
-1.586813605254845470e+03
-1.175061923777009042e+03
-1.906299182488347014e+03
-1.771705751404880857e+03
-1.596446691944395752e+03
-8.604107407915194017e+02
-1.664911878538341170e+03
-1.323685281744942131e+03
-1.358940052480021450e+03
-1.475945493937583478e+03
-1.661571586598467093e+03
-1.129069204450906227e+03
-1.334060658050431357e+03
-1.912420464480768715e+03
-1.561235784540894883e+03
-1.763017010534041901e+03
-1.733011054767473752e+03
-1.086410969243449017e+03
-1.102614284156944677e+03
-1.095519573414293291e+03
-1.859669277078797677e+03
-1.297671025386941665e+03
-1.877774701330427433e+03
-1.072196228005957437e+03
-1.710529812073863468e+03
-1.546044285066559269e+03
-1.608300254329369182e+03
-1.519368498932128887e+03
-1.399082703822841495e+03
-1.383632777851657011e+03
-1.404786930517848077e+03
-1.400819275604982295e+03
-1.423262285154504298e+03
-1.350044208299881348e+03
-1.571832940669414938e+03
-1.606412814855626721e+03
-1.549791018922090643e+03
-1.447856222233765038e+03
-1.472009346851542205e+03
-1.549385732681843820e+03
-1.545673424119320998e+03
-1.368003956007006082e+03
-1.483059902704462957e+03
-1.396512849728986794e+03
-1.566766091412989454e+03
-1.579290941761557633e+03
-1.511867496894414217e+03
-1.543931095293653016e+03
-1.525522903331793941e+03
-1.250496602812592073e+03
-1.545731981426032462e+03
-1.480494043527189206e+03
-1.569341185061661463e+03
-1.442001032279605852e+03
-1.518647398234149705e+03
-1.512172937842960891e+03
-1.460477195187227835e+03
-1.514459256097040225e+03
-1.570454750310780128e+03
-1.550911388869545362e+03
-1.410111357824252764e+03
-1.567599006198586721e+03
-1.553410374248452626e+03
-1.443852804911594149e+03
-1.417942883723981367e+03
-1.384207468623114664e+03
-1.460029670584373889e+03
-1.617038120081097304e+03
-1.470687170840058798e+03
-1.579794803476671859e+03
-1.519154922890189255e+03
-1.330544610771612724e+03
-1.559690642737628878e+03
-1.559134057940747653e+03
-1.524639063863900674e+03
-1.345440610043117431e+03
-1.530546835131897978e+03
-1.257198677833365764e+03
-1.429106167765928831e+03
-1.553951872637731185e+03
-1.293369024997213728e+03
-1.282705532846257483e+03
-1.554318134166670006e+03
-1.546373085063448571e+03
-1.200854222055460468e+03
-1.195497400028262973e+03
-1.204693701415602391e+03
-1.538778719933526872e+03
-1.421870803786373699e+03
-1.349312724264331564e+03
-1.209346426210468053e+03
-1.396618449105331820e+03
-1.312232915412715101e+03
-1.350568411499621561e+03
-1.262728923365626088e+03
-1.216701380336234251e+03
-1.347771516116868725e+03
-1.364318213821401287e+03
-1.261883356124102647e+03
-1.290360685000369131e+03
-1.199576221316813871e+03
-1.353917561252257883e+03
-1.216256798995625104e+03
-1.233258046690110405e+03
-1.224676446145603222e+03
-1.262778810199876034e+03
-1.156903661227835983e+03
-1.185075694289588455e+03
-1.341599873292320808e+03
-1.196761929875605801e+03
-1.286479598597531549e+03
-1.437650271553896800e+03
-1.248988061399671778e+03
-1.052154636442402079e+03
-1.229419841242057601e+03
-1.235198095865899177e+03
-1.145970642231673992e+03
-1.109169909226208574e+03
-1.069302206481968369e+03
-1.197989729046450520e+03
-1.186924316852798029e+03
-1.158144762031600976e+03
-1.180332234572828611e+03
-1.196814420314820154e+03
-1.203446647664289458e+03
-1.197461242657441289e+03
-1.157260685105347193e+03
-1.144952896775130739e+03
-1.396491372418723131e+03
-1.165592534219979370e+03
-1.057207856006636575e+03
-1.142570302111187857e+03
-1.145923797556130467e+03
-1.164122376601593487e+03
-1.382187572408278129e+03
-1.208320375167432985e+03
-1.077478198286859197e+03
-1.265117745986814725e+03
-1.171898352308867288e+03
-1.198531724689871908e+03
-1.132019978539937711e+03
-1.253759105362973060e+03
-1.069830852448793166e+03
-1.126119479729306931e+03
-1.072077268316671962e+03
-1.054551695895227567e+03
-1.101349092966128637e+03
-1.114285541572137618e+03
-1.048285742286287586e+03
-1.162961705994317526e+03
-1.060713347510986750e+03
-1.052719575951375191e+03
-8.056900432222133759e+02
-7.574748675530330502e+02
-7.956521089107075113e+02
-1.172881591219691927e+03
-9.871154755926684174e+02
-1.071130959645345683e+03
-1.272422568219085633e+03
-1.111896119338774497e+03
-1.116549273498671027e+03
-1.149951127968817673e+03
-1.056994942327396529e+03
-9.683736549999637191e+02
-1.111646672727639498e+03
-1.094496393769412862e+03
-1.099822153803085939e+03
-9.056043608102016833e+02
-1.113049820392424181e+03
-1.187903659547796451e+03
-1.065687695145264115e+03
-1.042190996274703139e+03
-1.306108756779723763e+03
-1.313093198511011224e+03
-1.364505662144213829e+03
-1.341071687923467607e+03
-1.329839375369716436e+03
-1.287894345020986066e+03
-1.392117766848299425e+03
-1.356888706365997677e+03
-1.201911459303083348e+03
-1.366059478017966740e+03
-1.204370045390702217e+03
-1.181026890453396391e+03
-1.252952932762186720e+03
-1.193154205473966840e+03
-1.193769950736213559e+03
-1.176651457340320803e+03
-1.248696803759004979e+03
-1.021509675228029096e+03
-1.534222373435156896e+03
-1.366322739035663972e+03
-1.235943913536314540e+03
-1.254551401116261786e+03
-1.328295374416260756e+03
-1.202268060014134562e+03
-1.187851285302495171e+03
-1.041202038020690907e+03
-1.028650704770577704e+03
-1.183368002429741864e+03
-1.010991285215176276e+03
-1.138760654973523287e+03
-1.069692687462260892e+03
-1.258048415311720873e+03
-9.506119196199741737e+02
-1.015852337583149051e+03
-1.195969443521795483e+03
-1.191059317822184767e+03
-1.193894080253417087e+03
-1.069323949718164840e+03
-1.051849635442207727e+03
-7.684408854369022492e+02
-1.472891863514292481e+03
-1.235094311090643487e+03
-9.780936828905295215e+02
-8.747340621667332243e+02
-8.604616098767153289e+02
-8.982312663927027643e+02
-8.591620093650237777e+02
-8.711255240620856739e+02
-9.762102710565991401e+02
-9.922198338032947049e+02
-1.056061306998090004e+03
-1.183145677936737457e+03
-1.187813011803943937e+03
-1.276273401047578773e+03
-1.268282415976900666e+03
-1.052771510592923732e+03
-1.205383327582265338e+03
-1.043457034699100177e+03
-1.060521057458284304e+03
-1.032114376225850947e+03
-9.761130214863661649e+02
-7.682842943353471128e+02
-7.456892879761397808e+02
-9.727808173807212597e+02
-8.779711322804961355e+02
-9.678939842358943224e+02
-1.010178857501592347e+03
-1.178721256872681124e+03
-1.167762233023395538e+03
-1.046687974800310030e+03
-1.064352137430572611e+03
-9.895755772398604222e+02
-1.167377047538094530e+03
-1.165961663242542272e+03
-1.088666035496467657e+03
-1.160762565951913757e+03
-8.868021511176096965e+02
-1.014179195401726361e+03
-8.735353745903802292e+02
-8.617313961142302787e+02
-1.218767548732761043e+03
-1.047307038838810968e+03
-1.024523706524592171e+03
-8.738476257057936891e+02
-1.271079636819344387e+03
-1.065381599525629099e+03
-8.517715920387171309e+02
-1.022087617057690636e+03
-9.382262558199967089e+02
-1.146531783967291631e+03
-1.057473853261489921e+03
-9.138967973596617185e+02
-9.009423621130963511e+02
-9.850237658011008079e+02
-1.034859975126976906e+03
-8.838032850667424327e+02
-1.009112417756946684e+03
-1.063754386793692447e+03
-8.783276770523301593e+02
-1.019373683949330939e+03
-1.036683666545875440e+03
-1.281909290954094331e+03
-1.185359275113240528e+03
-1.239398322207715182e+03
-1.262572272862209729e+03
-1.163836218667807316e+03
-1.048192761199880579e+03
-1.152066235173871291e+03
-1.180720523040164608e+03
-9.228134718998434209e+02
-8.844055971053629719e+02
-7.673154204975111270e+02
-9.955990374369846450e+02
-8.907007408673504187e+02
-8.864458555948351659e+02
-1.024370833147133453e+03
-9.146845992091242579e+02
-1.027811017931056540e+03
-1.032804743730742530e+03
-1.055208291948950318e+03
-9.396409394809329569e+02
-1.031187061958686627e+03
-7.759392448841559826e+02
-7.656715653120498928e+02
-6.482929125900039935e+02
-1.014564670859444504e+03
-6.340815008244186401e+02
-8.811011013112813544e+02
-1.034904686526641854e+03
-9.011502527445862825e+02
-9.267000294087702059e+02
-1.021964183735281040e+03
-1.270270973414176069e+03
-1.055248437320652783e+03
-1.218281597546604189e+03
-1.184540243034228524e+03
-1.219693364957626727e+03
-1.204715903203717517e+03
-1.091777722342443667e+03
-1.034488271760847965e+03
-8.018874078081665857e+02
-6.453189743206670528e+02
-9.204502416306504529e+02
-1.087794544607862690e+03
-9.146888103018466154e+02
-8.999940437863471061e+02
-8.475709080013868970e+02
-9.797578922151562892e+02
-5.332151576483928466e+02
-1.078765855391432297e+03
-1.177484141931978684e+03
-1.291796863457783957e+03
-1.228078015440737090e+03
-1.307389679004890013e+03
-1.222470808074999695e+03
-1.242571858641992776e+03
-1.304763116619976017e+03
-1.043416954987269037e+03
-1.068078665337434359e+03
-1.099353894868889029e+03
-8.956107685983272404e+02
-9.134780934762557081e+02
-7.672819474740880423e+02
-6.392342455833666008e+02
-5.118461574801485767e+02
-9.540927565319683481e+02
-9.858316145941455488e+02
-6.535487066148594977e+02
-7.699302032586070936e+02
-9.089578916341331478e+02
-7.879845995014612754e+02
-9.180999375941929657e+02
-1.199688580640413875e+03
-1.039765213221167414e+03
-1.083009223816935219e+03
-7.926037391481613668e+02
-1.284368272735332312e+03
-9.924984256749623910e+02
-1.036439399715589389e+03
-1.211801217793161413e+03
-1.074083561106516072e+03
-6.501451231447539385e+02
-7.753150054408898768e+02
-9.276854576763186060e+02
-9.918459830040906127e+02
-9.289269562610897992e+02
-9.352018459751145656e+02
-9.368979716171950258e+02
-8.199206364966388492e+02
-1.189971430499046392e+03
-1.000072406089608762e+03
-1.104308982365618704e+03
-1.131902786217211087e+03
-1.194195403283427822e+03
-1.130920971089319892e+03
-1.046179210529273178e+03
-1.062307278309365529e+03
-1.032590732828328328e+03
-7.775927353972452920e+02
-6.513576594634253070e+02
-6.396036584557448350e+02
-1.053302148383846088e+03
-2.620717020172298248e+02
-3.878398631501398199e+02
-3.893047424512079147e+02
-4.922751915979433761e+02
-3.906104999188935381e+02
-3.864596270672420246e+02
-2.598014007932545155e+02
-7.366774086958912449e+02
-6.484319401875021640e+02
-8.028315526122898973e+02
-5.262980160523537734e+02
-5.221687766741151790e+02
-6.491784794649187234e+02
-5.160307911276074719e+02
-2.572718061366858251e+02
-2.583443965842076864e+02
-2.600520137936576930e+02
-3.844307775539394356e+02
-1.297953117134916567e+02
-3.935103948101954643e+02
-2.719159525414682435e+02
-2.703267670284262181e+02
-9.791454374863164958e+02
-5.318067165836839649e+02
-3.910070775779330461e+02
-9.139190603040044607e+02
-1.034559850298061065e+03
-8.918411088194646936e+02
-1.976228867029683922e+00
-2.747324844894619105e+02
-8.775785080711040109e+02
-2.585086835620452348e+02
-7.941075515752318097e+02
-1.341541642615302408e+02
-1.370418363969132258e+02
-9.349984692569108802e+02
-5.193516153005327851e+02
-5.451210886567697571e+02
-5.284019312231537242e+02
-7.981092404532040518e+02
-2.541589281815628283e+02
-1.070518468032272040e+03
-7.884172524178612775e+02
-1.307853294722360715e+02
-5.471411153543625687e+02
-3.468294221410840983e+00
-1.323483983377673212e+02
-1.307743047894307153e+02
-5.195635840989750704e+02
-5.268699804396375157e+02
-1.284014941898163613e+02
-8.790013149503510022e+02
-1.321933480236853597e+02
-9.964605464600588220e+02
-1.334868405200174664e+02
-2.866179109679127350e+02
-1.351634021280064530e+02
-1.335310299735369881e+02
-4.242469836072750411e+00
-2.727909503171209735e+02
-1.299342073306498833e+02
-1.206736633717699988e+03
-1.116519503457905557e+03
-1.210991679900786039e+03
-8.483066148929445944e+02
-3.890392298107661961e+00
-1.145665947079638272e+03
-1.316276501100155940e+02
-2.751283057539373544e+02
-9.339027597957102671e+02
-8.918355617897449292e+02
-3.837016262215445295e+02
-1.360398427231701817e+02
-3.985604286660991988e+02
-3.978625462887098934e+02
-1.047327340909428806e+00
-7.434035822106206393e-01
-1.288392145277715599e+02
-1.331594472686977326e+02
-5.478068928644465814e+02
-1.311552236252021260e+02
-1.322268741918975365e+02
-1.302938792332826949e+02
-3.316000081916458342e+00
-1.348171403126515031e+02
-1.315722070583688605e+02
-1.331588439043322865e+02
-4.010064020289604514e+02
-1.278740498305134849e+02
-1.335179597901543218e+02
-2.698239411514627477e+02
-2.584433209644912495e+02
-3.971728600972252252e+02
-5.414724258225543281e+02
-7.241411869137891699e+02
-1.369769945286858501e+02
-9.319706100347569873e+02
-1.337631345497305517e+02
-1.056333808275333922e+03
-7.322766278385580918e+00
-1.087794542992588731e+03
-7.923720041196773991e+02
-9.156719955906467021e+02
-6.715327717856494019e+02
-8.207786547478932562e+02
-2.648438516881279270e+02
-1.301605917138300583e+02
-2.621688345283146759e+02
-5.307406120686933946e+02
-2.685213432696951372e+02
-1.301612076877567290e+02
-9.026517031488197063e+02
-7.842831451102614437e+02
-1.389234294185346528e+02
-5.300875860864560991e+02
-1.030923336394577746e+03
-1.092993734969131538e+03
-1.114728546083916399e+03
-1.245935480123518346e+03
-2.685303064975535108e+02
-8.118323448803552083e+02
-5.288839371707828150e+02
-5.328631574251683105e+02
-8.714709914813107616e+02
-4.075892490161656951e+02
-4.039994972319871067e+02
-2.682213882777868434e+02
-7.771982275150455735e+02
-6.674017429319791290e+02
-8.980967174033283982e+02
-8.166246548608406783e+02
-6.785993048409898165e+02
