-1.533726739494319872e+03
-1.616237108634056540e+03
-1.382272621879066946e+03
-1.660418361741480112e+03
-1.684072222385863824e+03
-1.567603093476014237e+03
-1.701264473923875357e+03
-1.559893018693587237e+03
-1.622795882328071457e+03
-1.521327327862644324e+03
-1.607480235453022260e+03
-1.588421191767831033e+03
-1.529065633912572139e+03
-1.050600272480240847e+03
-1.554383979652130165e+03
-1.555966573817599738e+03
-1.770043302589171844e+03
-1.508352876937497058e+03
-1.583638026606746280e+03
-1.197773581485353134e+03
-1.558032710014063923e+03
-1.412783966440268614e+03
-1.267600673744896312e+03
-1.457847769124583920e+03
-1.409296125596010597e+03
-1.019159931545712425e+03
-1.604675494287973152e+03
-1.420145242234425723e+03
-1.565680413871359633e+03
-1.186148260164325848e+03
-1.556982377842206006e+03
-1.558848813585083235e+03
-1.561803396909089997e+03
-1.381285924351962649e+03
-1.547856417920784679e+03
-1.238877900140518477e+03
-1.536931632400584476e+03
-1.495840380510660225e+03
-1.490401589977795311e+03
-1.652778811452785021e+03
-1.553629459369368988e+03
-1.768121767119437436e+03
-1.814061691810655020e+03
-1.581123795202574229e+03
-1.519332880976487559e+03
-1.628515604123848789e+03
-1.433866317401132619e+03
-1.534006251501299630e+03
-1.507611478009135681e+03
-1.546888984958925448e+03
-1.339248411070520206e+03
-1.558186256705838787e+03
-1.744207853916897875e+03
-1.540874025088033250e+03
-1.547292028651512055e+03
-1.273614016169921570e+03
-1.498705972299525683e+03
-1.204603668528581011e+03
-1.285050741328291906e+03
-1.544499180291050379e+03
-1.234409910092103473e+03
-1.386910090249356472e+03
-1.646911963672822139e+03
-1.546425240706445720e+03
-1.180316871316249262e+03
-1.292654325263727969e+03
-1.379699563162150980e+03
-1.480300153772422618e+03
-1.272123608651053473e+03
-1.535095902479655933e+03
-1.397086099460266951e+03
-1.563440486301271221e+03
-1.365839775138603045e+03
-1.195604319016667887e+03
-1.553384280973751629e+03
-1.132375164879378644e+03
-1.544785090912973146e+03
-1.530041076404099158e+03
-1.558197101974307770e+03
-1.356171634101350946e+03
-1.414101699938819365e+03
-1.495983727502523834e+03
-1.472478720948201953e+03
-1.365627661708983851e+03
-1.532599098681661872e+03
-1.549718800505566151e+03
-1.294386145737240668e+03
-1.219477970388222502e+03
-1.332086863017316318e+03
-1.196088202395225153e+03
-1.554163955140670168e+03
-1.467766843734651957e+03
-1.222846876374291014e+03
-1.370779138905463014e+03
-1.146101428461311116e+03
-1.361251497758837559e+03
-1.557581945099371069e+03
-1.423246933058754848e+03
-1.209938564805426267e+03
-1.560262782043266725e+03
-1.330562214542595939e+03
-1.568520223967103902e+03
-1.345390070836554287e+03
-1.352584314278710508e+03
-1.557334478864451512e+03
-1.554982297179289844e+03
-1.354552909554300641e+03
-1.402091896251108665e+03
-1.511795890498145582e+03
-1.391088240825141838e+03
-1.429986230640383837e+03
-1.360806313571730925e+03
-1.391516512568777898e+03
-1.314415726169381969e+03
-1.422334028328923750e+03
-1.460529767981870464e+03
-1.550424734417837954e+03
-1.324900899643593675e+03
-1.539342220441212703e+03
-1.304438494654895067e+03
-1.220889896754129722e+03
-1.086304362850097959e+03
-1.388641107910905021e+03
-1.444449964557486283e+03
-1.495543235756520289e+03
-1.474541180442416589e+03
-1.199699282848466737e+03
-1.334828541746814381e+03
-1.420303942998827551e+03
-1.215104535692391892e+03
-1.359504666053045185e+03
-1.474746127071428191e+03
-1.476311829173002707e+03
-1.218422779281690282e+03
-1.396082414289475309e+03
-1.253254088553574775e+03
-1.211860392701624960e+03
-1.306546437182599902e+03
-1.220898411354701011e+03
-1.125314915478271814e+03
-1.085199461650587182e+03
-1.053097600586820590e+03
-9.145110574972264885e+02
-1.287684247592348129e+03
-7.955421714846714849e+02
-1.041725373079354540e+03
-9.753455674157612521e+02
-1.114602608519417799e+03
-1.040582036556998901e+03
-9.503662169170634115e+02
-1.277683001176320431e+03
-1.293558390783617597e+03
-1.270905612382739491e+03
-1.349559605739880226e+03
-1.326762691057453367e+03
-1.235347442022014093e+03
-1.360560411538861217e+03
-1.455974822978565271e+03
-1.372663572653198344e+03
-1.502504619416954938e+03
-1.265642099412148582e+03
-1.357882081534508416e+03
-1.232691239134288708e+03
-1.215440757256899815e+03
-1.268177165189177913e+03
-1.114897248371807109e+03
-1.079307281065699726e+03
-1.040317462940232872e+03
-9.917072729378404574e+02
-1.013970561753459037e+03
-1.009100254021626142e+03
-1.133310407269003235e+03
-1.035159054809760164e+03
-1.054813315063390064e+03
-1.120676747820066566e+03
-1.070086842546344769e+03
-1.071761779840431473e+03
-1.176800148512293845e+03
-8.943527837911259439e+02
-1.318234728475044903e+03
-1.327888476068131922e+03
-1.253098487670201848e+03
-1.184595259907106538e+03
-1.252876627202014106e+03
-9.259384004144382061e+02
-1.212370264234031083e+03
-1.127065008811996904e+03
-1.183007625107221429e+03
-1.083838725049723053e+03
-1.104228651677788093e+03
-1.318904236097930607e+03
-1.170657633696140465e+03
-1.198754017556575036e+03
-1.245314618645585824e+03
-1.168583060969444432e+03
-1.165860477923229155e+03
-1.200633267250711242e+03
-1.059224386206631607e+03
-1.100504651315321553e+03
-1.281300570348929568e+03
-1.047781954336616536e+03
-1.037773400672822163e+03
-1.166407944074607713e+03
-1.027169387041269829e+03
-1.094510302837213203e+03
-1.059616811496230184e+03
-1.148617388433036695e+03
-1.179442469440093646e+03
-1.014583588771938139e+03
-1.300962483590146348e+03
-1.173102528689025348e+03
-1.075415743837289028e+03
-1.168360644576197501e+03
-1.061222354925616855e+03
-1.046797976857995764e+03
-9.659487707904488616e+02
-7.794117264495919244e+02
-1.090737251145240180e+03
-1.006365529669899047e+03
-1.191968422711255926e+03
-1.222169799993585457e+03
-1.129228579991560309e+03
-1.157023558520189908e+03
-1.104534283850737438e+03
-1.144632040841152502e+03
-1.013236071719813822e+03
-7.779301705712422290e+02
-8.751454188440428652e+02
-7.594206037218772281e+02
-1.056519137087754643e+03
-8.694429600171932861e+02
-1.110005643254982033e+03
-9.167756172230408538e+02
-1.186127731666646923e+03
-9.016080746416582770e+02
-9.308331661927876439e+02
-1.333930934908520840e+03
-1.394727398783752506e+03
-1.262267717123803322e+03
-7.542423419384444969e+02
-1.378517336374201477e+03
-1.359411607739814144e+03
-1.254909312559660975e+03
-1.332908087152148255e+03
-1.332762893784826247e+03
-1.230184459690600534e+03
-1.132677461734263261e+03
-1.081528100567062438e+03
-1.065012849747027303e+03
-9.232971879783673330e+02
-9.763237096349741932e+02
-8.270120120900130587e+02
-8.437185731407984122e+02
-9.914327282888951913e+02
-9.022464029602700748e+02
-8.683661921583955063e+02
-1.026799613930294072e+03
-1.019513586524434004e+03
-1.019252949679193762e+03
-1.016729156730808199e+03
-1.052528606894776885e+03
-1.063281699520399570e+03
-1.163931986592283465e+03
-1.036906366745934292e+03
-8.126085525754177752e+02
-1.084812081283681209e+03
-1.050760435617990197e+03
-8.939380616518226361e+02
-8.665243978021590010e+02
-8.793623451163914524e+02
-7.896795038800870543e+02
-7.839378864840601864e+02
-6.361777211376445393e+02
-6.422898069135615060e+02
-9.204783860998638829e+02
-9.739509598769833474e+02
-1.219086809183178730e+03
-1.159301065285785171e+03
-1.270888230368893119e+03
-1.291208915616546165e+03
-1.368635277875871907e+03
-1.414406222109998907e+03
-1.399246355952296653e+03
-1.511214028839297725e+03
-1.473612133806758266e+03
-1.413270237465891796e+03
-1.336054429604153484e+03
-1.455857146173631463e+03
-1.300755937452195212e+03
-1.411958660343367001e+03
-1.370371915432782998e+03
-1.430463189281738551e+03
-1.394418948993902404e+03
-9.654493934001458229e+02
-1.346185898922909018e+03
-1.318079585854533889e+03
-1.109310217286582656e+03
-1.313365498906959601e+03
-1.235182318523645563e+03
-1.214628158694870990e+03
-9.869976187613896172e+02
-1.179431661014529936e+03
-9.647000365402909665e+02
-7.802953112306308867e+02
-1.217126522130032754e+03
-9.412019481024875631e+02
-9.215605716492348165e+02
-1.051651543334452981e+03
-1.124655352011853665e+03
-1.131033361522614996e+03
-1.030287482299088879e+03
-9.733068271876944664e+02
-1.017634567636128736e+03
-1.055476476006912890e+03
-9.154246237414865845e+02
-1.049764024761283281e+03
-7.690248145126595318e+02
-7.794246220509382965e+02
-6.290023439940803200e+02
-6.363945587487021385e+02
-6.230804923510137314e+02
-7.712511643005769884e+02
-5.139566062628653071e+02
-5.112520093479776619e+02
-5.833119588511856364e+02
-8.736604666254281710e+02
-5.189928164822499639e+02
-6.752228819324939195e+02
-9.196057055530153548e+02
-1.038175582896895548e+03
-1.035232308524327664e+03
-9.192639360188420596e+02
-8.006802712485559823e+02
-9.152636301737072699e+02
-6.563031076615009169e+02
-1.212270072016543509e+03
-8.572735508657548280e+02
-1.047949960741784253e+03
-9.305953896469189885e+02
-1.070461744548575098e+03
-8.762687909922964309e+02
-1.007054746779845459e+03
-5.245488172939340075e+02
-9.559795850235389025e+02
-8.045019653283900425e+02
-1.063643624108007543e+03
-1.064071231202339959e+03
-1.042493109258407003e+03
-1.092086349206475234e+03
-1.059568900494282161e+03
-1.031453126301866405e+03
-9.324014870964374495e+02
-1.066122479701601833e+03
-1.038782345952707601e+03
-9.040921119560864554e+02
-5.449022078477092919e+02
-6.646711084476467022e+02
-6.300169981880227397e+02
-9.641849908706418546e+02
-9.382578530816809916e+02
-5.090938417896149986e+02
-7.764926585054604402e+02
-7.134167176000278232e+02
-2.568055955328225650e+02
-3.799110962897059380e+02
-1.069816817885008277e+03
-8.612572272786343319e+02
-1.114674721542902262e+03
-1.214254000058310339e+03
-4.981508774690202586e+02
-1.302296258643720876e+03
-1.218699693952900589e+03
-1.279069535103803901e+03
-1.306632291103926491e+03
-1.197295782673684243e+03
-1.130035657300274806e+03
-1.177997855786238460e+03
-8.160011718404006160e+02
-2.666040749524204898e+02
-6.485247595700444663e+02
-8.818510139148305598e+02
-5.182952201824243730e+02
-7.021676166797331007e+02
-6.536090347545152781e+02
-6.425422373167936030e+02
-2.614187593948468589e+02
-1.335773970289361046e+02
-3.796202652990973547e+02
-5.990492225385328311e+02
-6.378721396452579029e+02
-6.910765453121147175e+02
-6.482185557980120620e+02
-2.591099857627573897e+02
-5.195020123269806618e+02
-5.235481791651592403e+02
-3.874178122472679320e+02
-4.550365362130736280e+00
-1.279063152705041233e+02
-6.829489858061759833e+02
-1.191897263842426582e+03
-3.857173356476160393e+02
-1.105717625670771895e+03
-6.425713460875609826e+02
-8.859946270548208531e+02
-9.902510815778753113e+02
-1.298261282330607571e+02
-2.512427623266558108e+00
-1.305198476011951527e+02
-8.311175840978698659e+01
-9.317469267873748322e+02
-3.926771018079767828e+02
-1.290297526479883174e+02
-1.252985078395915508e+02
-3.784278656747421223e+02
-7.891099163288877207e+02
-6.320737656591182940e+02
-1.140868943810854034e+03
-1.449045756579158137e+02
-3.805184699691689616e+02
-3.648784556375528041e+02
-2.574188280084182452e+02
-1.132060427284739490e+03
-4.544821945585167100e+02
-1.312765378954736661e+02
-5.048360242588699407e+02
-8.737868157616144345e+02
-4.717106598422892603e+02
-1.273008883813063449e+03
-1.258507439211963401e+03
-2.594626860428693931e+02
-2.651567903982689245e+02
-1.235782774592197711e+03
-1.034648777327241987e+03
-1.251015199028347070e+03
-1.050232880746030332e+03
-1.286044186900521140e+02
-1.297447991230129674e+02
-1.306856508754413824e+02
-4.208533790615033467e+02
-2.638996061147526575e+02
-1.238061948227194080e+03
-9.982289500836916432e+02
-1.256343157325799638e+02
-2.520055942613567197e+02
-3.380662599983727432e+02
-1.294182076357857056e+02
-3.573691354632470052e+02
-1.252942315156283541e+02
-3.927257745388017725e+02
-1.268731166833005233e+02
-1.311752892673178792e+02
-8.007828565105381546e-01
-9.444559051806998013e+02
-1.291077693593369986e+02
-3.816247808545826956e+02
-1.322930022081454808e+02
-2.686797218579202990e+02
-1.172205916917824498e+00
-2.533826015977107886e+02
-2.606402192369002933e+02
-1.149910183629644735e+03
-4.260195564645476995e-01
-3.668505969105232793e+02
-1.333553874725535593e+02
-2.487738932816859574e+02
-1.301158260522313412e+02
-1.011751065788596861e+03
-7.827795891617091684e+02
-1.724263619475692622e+00
-2.505599611553100488e+02
-1.337212392054497627e+02
-2.704675242448073504e+02
-2.535438373010399289e+02
-1.285116402913956790e+02
-1.271936035104120606e+02
-1.284067103526612073e+02
-2.528856754095877761e+02
-2.533285141771248448e+02
-1.234717104001490043e+03
-1.215326092817893368e+03
-1.286945703416940319e+02
-1.076227943719787250e+00
-1.314076741869716045e+02
-1.261135656594400842e+02
-1.299344952792819186e+02
-1.241748765316628806e+03
-1.343309044696977992e+02
-1.226340381109617965e+03
-2.698573473176800235e+02
-2.701799840355787978e+02
-1.267058369914581277e+02
-1.283664087471906328e+02
-9.403269076023272888e-01
-1.306046313358370412e+02
-1.229321269692753503e+03
-1.171093658546662255e+03
-4.086489000231973705e+02
-1.307054146618825143e+02
-9.964342016250831193e+02
-2.609720355199681308e+02
-4.079188511332454254e+02
-1.270310665877265137e+02
-1.313511079057285542e+02
-1.259502375882623966e+02
-1.136512551472673067e+03
-1.311605012637764673e+02
-2.612267096173345067e+02
-2.544710830671463864e+00
-1.292934199042507771e+03
-6.531902157199474459e+02
